100 100
1134 1047 962 879 798 719 642 567 494 423 354 287 222 159 98 39 -18 -73 -126 -177 -226 -273 -318 -361 -402 -441 -478 -513 -546 -577 -606 -633 -658 -681 -702 -721 -738 -753 -766 -777 -786 -793 -798 -801 -802 -801 -798 -793 -786 -777 -766 -753 -738 -721 -702 -681 -658 -633 -606 -577 -546 -513 -478 -441 -402 -361 -318 -273 -226 -177 -126 -73 -18 39 98 159 222 287 354 423 494 567 642 719 798 879 962 1047 1134 1223 1314 1407 1502 1599 1698 1799 1902 2007 2114 2223
1165 1078 993 910 829 750 673 598 525 454 385 318 253 190 129 70 13 -42 -95 -146 -195 -242 -287 -330 -371 -410 -447 -482 -515 -546 -575 -602 -627 -650 -671 -690 -707 -722 -735 -746 -755 -762 -767 -770 -771 -770 -767 -762 -755 -746 -735 -722 -707 -690 -671 -650 -627 -602 -575 -546 -515 -482 -447 -410 -371 -330 -287 -242 -195 -146 -95 -42 13 70 129 190 253 318 385 454 525 598 673 750 829 910 993 1078 1165 1254 1345 1438 1533 1630 1729 1830 1933 2038 2145 2254
1198 1111 1026 943 862 783 706 631 558 487 418 351 286 223 162 103 46 -9 -62 -113 -162 -209 -254 -297 -338 -377 -414 -449 -482 -513 -542 -569 -594 -617 -638 -657 -674 -689 -702 -713 -722 -729 -734 -737 -738 -737 -734 -729 -722 -713 -702 -689 -674 -657 -638 -617 -594 -569 -542 -513 -482 -449 -414 -377 -338 -297 -254 -209 -162 -113 -62 -9 46 103 162 223 286 351 418 487 558 631 706 783 862 943 1026 1111 1198 1287 1378 1471 1566 1663 1762 1863 1966 2071 2178 2287
1233 1146 1061 978 897 818 741 666 593 522 453 386 321 258 197 138 81 26 -27 -78 -127 -174 -219 -262 -303 -342 -379 -414 -447 -478 -507 -534 -559 -582 -603 -622 -639 -654 -667 -678 -687 -694 -699 -702 -703 -702 -699 -694 -687 -678 -667 -654 -639 -622 -603 -582 -559 -534 -507 -478 -447 -414 -379 -342 -303 -262 -219 -174 -127 -78 -27 26 81 138 197 258 321 386 453 522 593 666 741 818 897 978 1061 1146 1233 1322 1413 1506 1601 1698 1797 1898 2001 2106 2213 2322
1270 1183 1098 1015 934 855 778 703 630 559 490 423 358 295 234 175 118 63 10 -41 -90 -137 -182 -225 -266 -305 -342 -377 -410 -441 -470 -497 -522 -545 -566 -585 -602 -617 -630 -641 -650 -657 -662 -665 -666 -665 -662 -657 -650 -641 -630 -617 -602 -585 -566 -545 -522 -497 -470 -441 -410 -377 -342 -305 -266 -225 -182 -137 -90 -41 10 63 118 175 234 295 358 423 490 559 630 703 778 855 934 1015 1098 1183 1270 1359 1450 1543 1638 1735 1834 1935 2038 2143 2250 2359
1309 1222 1137 1054 973 894 817 742 669 598 529 462 397 334 273 214 157 102 49 -2 -51 -98 -143 -186 -227 -266 -303 -338 -371 -402 -431 -458 -483 -506 -527 -546 -563 -578 -591 -602 -611 -618 -623 -626 -627 -626 -623 -618 -611 -602 -591 -578 -563 -546 -527 -506 -483 -458 -431 -402 -371 -338 -303 -266 -227 -186 -143 -98 -51 -2 49 102 157 214 273 334 397 462 529 598 669 742 817 894 973 1054 1137 1222 1309 1398 1489 1582 1677 1774 1873 1974 2077 2182 2289 2398
1350 1263 1178 1095 1014 935 858 783 710 639 570 503 438 375 314 255 198 143 90 39 -10 -57 -102 -145 -186 -225 -262 -297 -330 -361 -390 -417 -442 -465 -486 -505 -522 -537 -550 -561 -570 -577 -582 -585 -586 -585 -582 -577 -570 -561 -550 -537 -522 -505 -486 -465 -442 -417 -390 -361 -330 -297 -262 -225 -186 -145 -102 -57 -10 39 90 143 198 255 314 375 438 503 570 639 710 783 858 935 1014 1095 1178 1263 1350 1439 1530 1623 1718 1815 1914 2015 2118 2223 2330 2439
1393 1306 1221 1138 1057 978 901 826 753 682 613 546 481 418 357 298 241 186 133 82 33 -14 -59 -102 -143 -182 -219 -254 -287 -318 -347 -374 -399 -422 -443 -462 -479 -494 -507 -518 -527 -534 -539 -542 -543 -542 -539 -534 -527 -518 -507 -494 -479 -462 -443 -422 -399 -374 -347 -318 -287 -254 -219 -182 -143 -102 -59 -14 33 82 133 186 241 298 357 418 481 546 613 682 753 826 901 978 1057 1138 1221 1306 1393 1482 1573 1666 1761 1858 1957 2058 2161 2266 2373 2482
1438 1351 1266 1183 1102 1023 946 871 798 727 658 591 526 463 402 343 286 231 178 127 78 31 -14 -57 -98 -137 -174 -209 -242 -273 -302 -329 -354 -377 -398 -417 -434 -449 -462 -473 -482 -489 -494 -497 -498 -497 -494 -489 -482 -473 -462 -449 -434 -417 -398 -377 -354 -329 -302 -273 -242 -209 -174 -137 -98 -57 -14 31 78 127 178 231 286 343 402 463 526 591 658 727 798 871 946 1023 1102 1183 1266 1351 1438 1527 1618 1711 1806 1903 2002 2103 2206 2311 2418 2527
1485 1398 1313 1230 1149 1070 993 918 845 774 705 638 573 510 449 390 333 278 225 174 125 78 33 -10 -51 -90 -127 -162 -195 -226 -255 -282 -307 -330 -351 -370 -387 -402 -415 -426 -435 -442 -447 -450 -451 -450 -447 -442 -435 -426 -415 -402 -387 -370 -351 -330 -307 -282 -255 -226 -195 -162 -127 -90 -51 -10 33 78 125 174 225 278 333 390 449 510 573 638 705 774 845 918 993 1070 1149 1230 1313 1398 1485 1574 1665 1758 1853 1950 2049 2150 2253 2358 2465 2574
1534 1447 1362 1279 1198 1119 1042 967 894 823 754 687 622 559 498 439 382 327 274 223 174 127 82 39 -2 -41 -78 -113 -146 -177 -206 -233 -258 -281 -302 -321 -338 -353 -366 -377 -386 -393 -398 -401 -402 -401 -398 -393 -386 -377 -366 -353 -338 -321 -302 -281 -258 -233 -206 -177 -146 -113 -78 -41 -2 39 82 127 174 223 274 327 382 439 498 559 622 687 754 823 894 967 1042 1119 1198 1279 1362 1447 1534 1623 1714 1807 1902 1999 2098 2199 2302 2407 2514 2623
1585 1498 1413 1330 1249 1170 1093 1018 945 874 805 738 673 610 549 490 433 378 325 274 225 178 133 90 49 10 -27 -62 -95 -126 -155 -182 -207 -230 -251 -270 -287 -302 -315 -326 -335 -342 -347 -350 -351 -350 -347 -342 -335 -326 -315 -302 -287 -270 -251 -230 -207 -182 -155 -126 -95 -62 -27 10 49 90 133 178 225 274 325 378 433 490 549 610 673 738 805 874 945 1018 1093 1170 1249 1330 1413 1498 1585 1674 1765 1858 1953 2050 2149 2250 2353 2458 2565 2674
1638 1551 1466 1383 1302 1223 1146 1071 998 927 858 791 726 663 602 543 486 431 378 327 278 231 186 143 102 63 26 -9 -42 -73 -102 -129 -154 -177 -198 -217 -234 -249 -262 -273 -282 -289 -294 -297 -298 -297 -294 -289 -282 -273 -262 -249 -234 -217 -198 -177 -154 -129 -102 -73 -42 -9 26 63 102 143 186 231 278 327 378 431 486 543 602 663 726 791 858 927 998 1071 1146 1223 1302 1383 1466 1551 1638 1727 1818 1911 2006 2103 2202 2303 2406 2511 2618 2727
1693 1606 1521 1438 1357 1278 1201 1126 1053 982 913 846 781 718 657 598 541 486 433 382 333 286 241 198 157 118 81 46 13 -18 -47 -74 -99 -122 -143 -162 -179 -194 -207 -218 -227 -234 -239 -242 -243 -242 -239 -234 -227 -218 -207 -194 -179 -162 -143 -122 -99 -74 -47 -18 13 46 81 118 157 198 241 286 333 382 433 486 541 598 657 718 781 846 913 982 1053 1126 1201 1278 1357 1438 1521 1606 1693 1782 1873 1966 2061 2158 2257 2358 2461 2566 2673 2782
1750 1663 1578 1495 1414 1335 1258 1183 1110 1039 970 903 838 775 714 655 598 543 490 439 390 343 298 255 214 175 138 103 70 39 10 -17 -42 -65 -86 -105 -122 -137 -150 -161 -170 -177 -182 -185 -186 -185 -182 -177 -170 -161 -150 -137 -122 -105 -86 -65 -42 -17 10 39 70 103 138 175 214 255 298 343 390 439 490 543 598 655 714 775 838 903 970 1039 1110 1183 1258 1335 1414 1495 1578 1663 1750 1839 1930 2023 2118 2215 2314 2415 2518 2623 2730 2839
1809 1722 1637 1554 1473 1394 1317 1242 1169 1098 1029 962 897 834 773 714 657 602 549 498 449 402 357 314 273 234 197 162 129 98 69 42 17 -6 -27 -46 -63 -78 -91 -102 -111 -118 -123 -126 -127 -126 -123 -118 -111 -102 -91 -78 -63 -46 -27 -6 17 42 69 98 129 162 197 234 273 314 357 402 449 498 549 602 657 714 773 834 897 962 1029 1098 1169 1242 1317 1394 1473 1554 1637 1722 1809 1898 1989 2082 2177 2274 2373 2474 2577 2682 2789 2898
1870 1783 1698 1615 1534 1455 1378 1303 1230 1159 1090 1023 958 895 834 775 718 663 610 559 510 463 418 375 334 295 258 223 190 159 130 103 78 55 34 15 -2 -17 -30 -41 -50 -57 -62 -65 -66 -65 -62 -57 -50 -41 -30 -17 -2 15 34 55 78 103 130 159 190 223 258 295 334 375 418 463 510 559 610 663 718 775 834 895 958 1023 1090 1159 1230 1303 1378 1455 1534 1615 1698 1783 1870 1959 2050 2143 2238 2335 2434 2535 2638 2743 2850 2959
1933 1846 1761 1678 1597 1518 1441 1366 1293 1222 1153 1086 1021 958 897 838 781 726 673 622 573 526 481 438 397 358 321 286 253 222 193 166 141 118 97 78 61 46 33 22 13 6 1 -2 -3 -2 1 6 13 22 33 46 61 78 97 118 141 166 193 222 253 286 321 358 397 438 481 526 573 622 673 726 781 838 897 958 1021 1086 1153 1222 1293 1366 1441 1518 1597 1678 1761 1846 1933 2022 2113 2206 2301 2398 2497 2598 2701 2806 2913 3022
1998 1911 1826 1743 1662 1583 1506 1431 1358 1287 1218 1151 1086 1023 962 903 846 791 738 687 638 591 546 503 462 423 386 351 318 287 258 231 206 183 162 143 126 111 98 87 78 71 66 63 62 63 66 71 78 87 98 111 126 143 162 183 206 231 258 287 318 351 386 423 462 503 546 591 638 687 738 791 846 903 962 1023 1086 1151 1218 1287 1358 1431 1506 1583 1662 1743 1826 1911 1998 2087 2178 2271 2366 2463 2562 2663 2766 2871 2978 3087
2065 1978 1893 1810 1729 1650 1573 1498 1425 1354 1285 1218 1153 1090 1029 970 913 858 805 754 705 658 613 570 529 490 453 418 385 354 325 298 273 250 229 210 193 178 165 154 145 138 133 130 129 130 133 138 145 154 165 178 193 210 229 250 273 298 325 354 385 418 453 490 529 570 613 658 705 754 805 858 913 970 1029 1090 1153 1218 1285 1354 1425 1498 1573 1650 1729 1810 1893 1978 2065 2154 2245 2338 2433 2530 2629 2730 2833 2938 3045 3154
2134 2047 1962 1879 1798 1719 1642 1567 1494 1423 1354 1287 1222 1159 1098 1039 982 927 874 823 774 727 682 639 598 559 522 487 454 423 394 367 342 319 298 279 262 247 234 223 214 207 202 199 198 199 202 207 214 223 234 247 262 279 298 319 342 367 394 423 454 487 522 559 598 639 682 727 774 823 874 927 982 1039 1098 1159 1222 1287 1354 1423 1494 1567 1642 1719 1798 1879 1962 2047 2134 2223 2314 2407 2502 2599 2698 2799 2902 3007 3114 3223
2205 2118 2033 1950 1869 1790 1713 1638 1565 1494 1425 1358 1293 1230 1169 1110 1053 998 945 894 845 798 753 710 669 630 593 558 525 494 465 438 413 390 369 350 333 318 305 294 285 278 273 270 269 270 273 278 285 294 305 318 333 350 369 390 413 438 465 494 525 558 593 630 669 710 753 798 845 894 945 998 1053 1110 1169 1230 1293 1358 1425 1494 1565 1638 1713 1790 1869 1950 2033 2118 2205 2294 2385 2478 2573 2670 2769 2870 2973 3078 3185 3294
2278 2191 2106 2023 1942 1863 1786 1711 1638 1567 1498 1431 1366 1303 1242 1183 1126 1071 1018 967 918 871 826 783 742 703 666 631 598 567 538 511 486 463 442 423 406 391 378 367 358 351 346 343 342 343 346 351 358 367 378 391 406 423 442 463 486 511 538 567 598 631 666 703 742 783 826 871 918 967 1018 1071 1126 1183 1242 1303 1366 1431 1498 1567 1638 1711 1786 1863 1942 2023 2106 2191 2278 2367 2458 2551 2646 2743 2842 2943 3046 3151 3258 3367
2353 2266 2181 2098 2017 1938 1861 1786 1713 1642 1573 1506 1441 1378 1317 1258 1201 1146 1093 1042 993 946 901 858 817 778 741 706 673 642 613 586 561 538 517 498 481 466 453 442 433 426 421 418 417 418 421 426 433 442 453 466 481 498 517 538 561 586 613 642 673 706 741 778 817 858 901 946 993 1042 1093 1146 1201 1258 1317 1378 1441 1506 1573 1642 1713 1786 1861 1938 2017 2098 2181 2266 2353 2442 2533 2626 2721 2818 2917 3018 3121 3226 3333 3442
2430 2343 2258 2175 2094 2015 1938 1863 1790 1719 1650 1583 1518 1455 1394 1335 1278 1223 1170 1119 1070 1023 978 935 894 855 818 783 750 719 690 663 638 615 594 575 558 543 530 519 510 503 498 495 494 495 498 503 510 519 530 543 558 575 594 615 638 663 690 719 750 783 818 855 894 935 978 1023 1070 1119 1170 1223 1278 1335 1394 1455 1518 1583 1650 1719 1790 1863 1938 2015 2094 2175 2258 2343 2430 2519 2610 2703 2798 2895 2994 3095 3198 3303 3410 3519
2509 2422 2337 2254 2173 2094 2017 1942 1869 1798 1729 1662 1597 1534 1473 1414 1357 1302 1249 1198 1149 1102 1057 1014 973 934 897 862 829 798 769 742 717 694 673 654 637 622 609 598 589 582 577 574 573 574 577 582 589 598 609 622 637 654 673 694 717 742 769 798 829 862 897 934 973 1014 1057 1102 1149 1198 1249 1302 1357 1414 1473 1534 1597 1662 1729 1798 1869 1942 2017 2094 2173 2254 2337 2422 2509 2598 2689 2782 2877 2974 3073 3174 3277 3382 3489 3598
2590 2503 2418 2335 2254 2175 2098 2023 1950 1879 1810 1743 1678 1615 1554 1495 1438 1383 1330 1279 1230 1183 1138 1095 1054 1015 978 943 910 879 850 823 798 775 754 735 718 703 690 679 670 663 658 655 654 655 658 663 670 679 690 703 718 735 754 775 798 823 850 879 910 943 978 1015 1054 1095 1138 1183 1230 1279 1330 1383 1438 1495 1554 1615 1678 1743 1810 1879 1950 2023 2098 2175 2254 2335 2418 2503 2590 2679 2770 2863 2958 3055 3154 3255 3358 3463 3570 3679
2673 2586 2501 2418 2337 2258 2181 2106 2033 1962 1893 1826 1761 1698 1637 1578 1521 1466 1413 1362 1313 1266 1221 1178 1137 1098 1061 1026 993 962 933 906 881 858 837 818 801 786 773 762 753 746 741 738 737 738 741 746 753 762 773 786 801 818 837 858 881 906 933 962 993 1026 1061 1098 1137 1178 1221 1266 1313 1362 1413 1466 1521 1578 1637 1698 1761 1826 1893 1962 2033 2106 2181 2258 2337 2418 2501 2586 2673 2762 2853 2946 3041 3138 3237 3338 3441 3546 3653 3762
2758 2671 2586 2503 2422 2343 2266 2191 2118 2047 1978 1911 1846 1783 1722 1663 1606 1551 1498 1447 1398 1351 1306 1263 1222 1183 1146 1111 1078 1047 1018 991 966 943 922 903 886 871 858 847 838 831 826 823 822 823 826 831 838 847 858 871 886 903 922 943 966 991 1018 1047 1078 1111 1146 1183 1222 1263 1306 1351 1398 1447 1498 1551 1606 1663 1722 1783 1846 1911 1978 2047 2118 2191 2266 2343 2422 2503 2586 2671 2758 2847 2938 3031 3126 3223 3322 3423 3526 3631 3738 3847
2845 2758 2673 2590 2509 2430 2353 2278 2205 2134 2065 1998 1933 1870 1809 1750 1693 1638 1585 1534 1485 1438 1393 1350 1309 1270 1233 1198 1165 1134 1105 1078 1053 1030 1009 990 973 958 945 934 925 918 913 910 909 910 913 918 925 934 945 958 973 990 1009 1030 1053 1078 1105 1134 1165 1198 1233 1270 1309 1350 1393 1438 1485 1534 1585 1638 1693 1750 1809 1870 1933 1998 2065 2134 2205 2278 2353 2430 2509 2590 2673 2758 2845 2934 3025 3118 3213 3310 3409 3510 3613 3718 3825 3934
2934 2847 2762 2679 2598 2519 2442 2367 2294 2223 2154 2087 2022 1959 1898 1839 1782 1727 1674 1623 1574 1527 1482 1439 1398 1359 1322 1287 1254 1223 1194 1167 1142 1119 1098 1079 1062 1047 1034 1023 1014 1007 1002 999 998 999 1002 1007 1014 1023 1034 1047 1062 1079 1098 1119 1142 1167 1194 1223 1254 1287 1322 1359 1398 1439 1482 1527 1574 1623 1674 1727 1782 1839 1898 1959 2022 2087 2154 2223 2294 2367 2442 2519 2598 2679 2762 2847 2934 3023 3114 3207 3302 3399 3498 3599 3702 3807 3914 4023
3025 2938 2853 2770 2689 2610 2533 2458 2385 2314 2245 2178 2113 2050 1989 1930 1873 1818 1765 1714 1665 1618 1573 1530 1489 1450 1413 1378 1345 1314 1285 1258 1233 1210 1189 1170 1153 1138 1125 1114 1105 1098 1093 1090 1089 1090 1093 1098 1105 1114 1125 1138 1153 1170 1189 1210 1233 1258 1285 1314 1345 1378 1413 1450 1489 1530 1573 1618 1665 1714 1765 1818 1873 1930 1989 2050 2113 2178 2245 2314 2385 2458 2533 2610 2689 2770 2853 2938 3025 3114 3205 3298 3393 3490 3589 3690 3793 3898 4005 4114
3118 3031 2946 2863 2782 2703 2626 2551 2478 2407 2338 2271 2206 2143 2082 2023 1966 1911 1858 1807 1758 1711 1666 1623 1582 1543 1506 1471 1438 1407 1378 1351 1326 1303 1282 1263 1246 1231 1218 1207 1198 1191 1186 1183 1182 1183 1186 1191 1198 1207 1218 1231 1246 1263 1282 1303 1326 1351 1378 1407 1438 1471 1506 1543 1582 1623 1666 1711 1758 1807 1858 1911 1966 2023 2082 2143 2206 2271 2338 2407 2478 2551 2626 2703 2782 2863 2946 3031 3118 3207 3298 3391 3486 3583 3682 3783 3886 3991 4098 4207
3213 3126 3041 2958 2877 2798 2721 2646 2573 2502 2433 2366 2301 2238 2177 2118 2061 2006 1953 1902 1853 1806 1761 1718 1677 1638 1601 1566 1533 1502 1473 1446 1421 1398 1377 1358 1341 1326 1313 1302 1293 1286 1281 1278 1277 1278 1281 1286 1293 1302 1313 1326 1341 1358 1377 1398 1421 1446 1473 1502 1533 1566 1601 1638 1677 1718 1761 1806 1853 1902 1953 2006 2061 2118 2177 2238 2301 2366 2433 2502 2573 2646 2721 2798 2877 2958 3041 3126 3213 3302 3393 3486 3581 3678 3777 3878 3981 4086 4193 4302
3310 3223 3138 3055 2974 2895 2818 2743 2670 2599 2530 2463 2398 2335 2274 2215 2158 2103 2050 1999 1950 1903 1858 1815 1774 1735 1698 1663 1630 1599 1570 1543 1518 1495 1474 1455 1438 1423 1410 1399 1390 1383 1378 1375 1374 1375 1378 1383 1390 1399 1410 1423 1438 1455 1474 1495 1518 1543 1570 1599 1630 1663 1698 1735 1774 1815 1858 1903 1950 1999 2050 2103 2158 2215 2274 2335 2398 2463 2530 2599 2670 2743 2818 2895 2974 3055 3138 3223 3310 3399 3490 3583 3678 3775 3874 3975 4078 4183 4290 4399
3409 3322 3237 3154 3073 2994 2917 2842 2769 2698 2629 2562 2497 2434 2373 2314 2257 2202 2149 2098 2049 2002 1957 1914 1873 1834 1797 1762 1729 1698 1669 1642 1617 1594 1573 1554 1537 1522 1509 1498 1489 1482 1477 1474 1473 1474 1477 1482 1489 1498 1509 1522 1537 1554 1573 1594 1617 1642 1669 1698 1729 1762 1797 1834 1873 1914 1957 2002 2049 2098 2149 2202 2257 2314 2373 2434 2497 2562 2629 2698 2769 2842 2917 2994 3073 3154 3237 3322 3409 3498 3589 3682 3777 3874 3973 4074 4177 4282 4389 4498
3510 3423 3338 3255 3174 3095 3018 2943 2870 2799 2730 2663 2598 2535 2474 2415 2358 2303 2250 2199 2150 2103 2058 2015 1974 1935 1898 1863 1830 1799 1770 1743 1718 1695 1674 1655 1638 1623 1610 1599 1590 1583 1578 1575 1574 1575 1578 1583 1590 1599 1610 1623 1638 1655 1674 1695 1718 1743 1770 1799 1830 1863 1898 1935 1974 2015 2058 2103 2150 2199 2250 2303 2358 2415 2474 2535 2598 2663 2730 2799 2870 2943 3018 3095 3174 3255 3338 3423 3510 3599 3690 3783 3878 3975 4074 4175 4278 4383 4490 4599
3613 3526 3441 3358 3277 3198 3121 3046 2973 2902 2833 2766 2701 2638 2577 2518 2461 2406 2353 2302 2253 2206 2161 2118 2077 2038 2001 1966 1933 1902 1873 1846 1821 1798 1777 1758 1741 1726 1713 1702 1693 1686 1681 1678 1677 1678 1681 1686 1693 1702 1713 1726 1741 1758 1777 1798 1821 1846 1873 1902 1933 1966 2001 2038 2077 2118 2161 2206 2253 2302 2353 2406 2461 2518 2577 2638 2701 2766 2833 2902 2973 3046 3121 3198 3277 3358 3441 3526 3613 3702 3793 3886 3981 4078 4177 4278 4381 4486 4593 4702
3718 3631 3546 3463 3382 3303 3226 3151 3078 3007 2938 2871 2806 2743 2682 2623 2566 2511 2458 2407 2358 2311 2266 2223 2182 2143 2106 2071 2038 2007 1978 1951 1926 1903 1882 1863 1846 1831 1818 1807 1798 1791 1786 1783 1782 1783 1786 1791 1798 1807 1818 1831 1846 1863 1882 1903 1926 1951 1978 2007 2038 2071 2106 2143 2182 2223 2266 2311 2358 2407 2458 2511 2566 2623 2682 2743 2806 2871 2938 3007 3078 3151 3226 3303 3382 3463 3546 3631 3718 3807 3898 3991 4086 4183 4282 4383 4486 4591 4698 4807
3825 3738 3653 3570 3489 3410 3333 3258 3185 3114 3045 2978 2913 2850 2789 2730 2673 2618 2565 2514 2465 2418 2373 2330 2289 2250 2213 2178 2145 2114 2085 2058 2033 2010 1989 1970 1953 1938 1925 1914 1905 1898 1893 1890 1889 1890 1893 1898 1905 1914 1925 1938 1953 1970 1989 2010 2033 2058 2085 2114 2145 2178 2213 2250 2289 2330 2373 2418 2465 2514 2565 2618 2673 2730 2789 2850 2913 2978 3045 3114 3185 3258 3333 3410 3489 3570 3653 3738 3825 3914 4005 4098 4193 4290 4389 4490 4593 4698 4805 4914
3934 3847 3762 3679 3598 3519 3442 3367 3294 3223 3154 3087 3022 2959 2898 2839 2782 2727 2674 2623 2574 2527 2482 2439 2398 2359 2322 2287 2254 2223 2194 2167 2142 2119 2098 2079 2062 2047 2034 2023 2014 2007 2002 1999 1998 1999 2002 2007 2014 2023 2034 2047 2062 2079 2098 2119 2142 2167 2194 2223 2254 2287 2322 2359 2398 2439 2482 2527 2574 2623 2674 2727 2782 2839 2898 2959 3022 3087 3154 3223 3294 3367 3442 3519 3598 3679 3762 3847 3934 4023 4114 4207 4302 4399 4498 4599 4702 4807 4914 5023
4045 3958 3873 3790 3709 3630 3553 3478 3405 3334 3265 3198 3133 3070 3009 2950 2893 2838 2785 2734 2685 2638 2593 2550 2509 2470 2433 2398 2365 2334 2305 2278 2253 2230 2209 2190 2173 2158 2145 2134 2125 2118 2113 2110 2109 2110 2113 2118 2125 2134 2145 2158 2173 2190 2209 2230 2253 2278 2305 2334 2365 2398 2433 2470 2509 2550 2593 2638 2685 2734 2785 2838 2893 2950 3009 3070 3133 3198 3265 3334 3405 3478 3553 3630 3709 3790 3873 3958 4045 4134 4225 4318 4413 4510 4609 4710 4813 4918 5025 5134
4158 4071 3986 3903 3822 3743 3666 3591 3518 3447 3378 3311 3246 3183 3122 3063 3006 2951 2898 2847 2798 2751 2706 2663 2622 2583 2546 2511 2478 2447 2418 2391 2366 2343 2322 2303 2286 2271 2258 2247 2238 2231 2226 2223 2222 2223 2226 2231 2238 2247 2258 2271 2286 2303 2322 2343 2366 2391 2418 2447 2478 2511 2546 2583 2622 2663 2706 2751 2798 2847 2898 2951 3006 3063 3122 3183 3246 3311 3378 3447 3518 3591 3666 3743 3822 3903 3986 4071 4158 4247 4338 4431 4526 4623 4722 4823 4926 5031 5138 5247
4273 4186 4101 4018 3937 3858 3781 3706 3633 3562 3493 3426 3361 3298 3237 3178 3121 3066 3013 2962 2913 2866 2821 2778 2737 2698 2661 2626 2593 2562 2533 2506 2481 2458 2437 2418 2401 2386 2373 2362 2353 2346 2341 2338 2337 2338 2341 2346 2353 2362 2373 2386 2401 2418 2437 2458 2481 2506 2533 2562 2593 2626 2661 2698 2737 2778 2821 2866 2913 2962 3013 3066 3121 3178 3237 3298 3361 3426 3493 3562 3633 3706 3781 3858 3937 4018 4101 4186 4273 4362 4453 4546 4641 4738 4837 4938 5041 5146 5253 5362
4390 4303 4218 4135 4054 3975 3898 3823 3750 3679 3610 3543 3478 3415 3354 3295 3238 3183 3130 3079 3030 2983 2938 2895 2854 2815 2778 2743 2710 2679 2650 2623 2598 2575 2554 2535 2518 2503 2490 2479 2470 2463 2458 2455 2454 2455 2458 2463 2470 2479 2490 2503 2518 2535 2554 2575 2598 2623 2650 2679 2710 2743 2778 2815 2854 2895 2938 2983 3030 3079 3130 3183 3238 3295 3354 3415 3478 3543 3610 3679 3750 3823 3898 3975 4054 4135 4218 4303 4390 4479 4570 4663 4758 4855 4954 5055 5158 5263 5370 5479
4509 4422 4337 4254 4173 4094 4017 3942 3869 3798 3729 3662 3597 3534 3473 3414 3357 3302 3249 3198 3149 3102 3057 3014 2973 2934 2897 2862 2829 2798 2769 2742 2717 2694 2673 2654 2637 2622 2609 2598 2589 2582 2577 2574 2573 2574 2577 2582 2589 2598 2609 2622 2637 2654 2673 2694 2717 2742 2769 2798 2829 2862 2897 2934 2973 3014 3057 3102 3149 3198 3249 3302 3357 3414 3473 3534 3597 3662 3729 3798 3869 3942 4017 4094 4173 4254 4337 4422 4509 4598 4689 4782 4877 4974 5073 5174 5277 5382 5489 5598
4630 4543 4458 4375 4294 4215 4138 4063 3990 3919 3850 3783 3718 3655 3594 3535 3478 3423 3370 3319 3270 3223 3178 3135 3094 3055 3018 2983 2950 2919 2890 2863 2838 2815 2794 2775 2758 2743 2730 2719 2710 2703 2698 2695 2694 2695 2698 2703 2710 2719 2730 2743 2758 2775 2794 2815 2838 2863 2890 2919 2950 2983 3018 3055 3094 3135 3178 3223 3270 3319 3370 3423 3478 3535 3594 3655 3718 3783 3850 3919 3990 4063 4138 4215 4294 4375 4458 4543 4630 4719 4810 4903 4998 5095 5194 5295 5398 5503 5610 5719
4753 4666 4581 4498 4417 4338 4261 4186 4113 4042 3973 3906 3841 3778 3717 3658 3601 3546 3493 3442 3393 3346 3301 3258 3217 3178 3141 3106 3073 3042 3013 2986 2961 2938 2917 2898 2881 2866 2853 2842 2833 2826 2821 2818 2817 2818 2821 2826 2833 2842 2853 2866 2881 2898 2917 2938 2961 2986 3013 3042 3073 3106 3141 3178 3217 3258 3301 3346 3393 3442 3493 3546 3601 3658 3717 3778 3841 3906 3973 4042 4113 4186 4261 4338 4417 4498 4581 4666 4753 4842 4933 5026 5121 5218 5317 5418 5521 5626 5733 5842
4878 4791 4706 4623 4542 4463 4386 4311 4238 4167 4098 4031 3966 3903 3842 3783 3726 3671 3618 3567 3518 3471 3426 3383 3342 3303 3266 3231 3198 3167 3138 3111 3086 3063 3042 3023 3006 2991 2978 2967 2958 2951 2946 2943 2942 2943 2946 2951 2958 2967 2978 2991 3006 3023 3042 3063 3086 3111 3138 3167 3198 3231 3266 3303 3342 3383 3426 3471 3518 3567 3618 3671 3726 3783 3842 3903 3966 4031 4098 4167 4238 4311 4386 4463 4542 4623 4706 4791 4878 4967 5058 5151 5246 5343 5442 5543 5646 5751 5858 5967
5005 4918 4833 4750 4669 4590 4513 4438 4365 4294 4225 4158 4093 4030 3969 3910 3853 3798 3745 3694 3645 3598 3553 3510 3469 3430 3393 3358 3325 3294 3265 3238 3213 3190 3169 3150 3133 3118 3105 3094 3085 3078 3073 3070 3069 3070 3073 3078 3085 3094 3105 3118 3133 3150 3169 3190 3213 3238 3265 3294 3325 3358 3393 3430 3469 3510 3553 3598 3645 3694 3745 3798 3853 3910 3969 4030 4093 4158 4225 4294 4365 4438 4513 4590 4669 4750 4833 4918 5005 5094 5185 5278 5373 5470 5569 5670 5773 5878 5985 6094
5134 5047 4962 4879 4798 4719 4642 4567 4494 4423 4354 4287 4222 4159 4098 4039 3982 3927 3874 3823 3774 3727 3682 3639 3598 3559 3522 3487 3454 3423 3394 3367 3342 3319 3298 3279 3262 3247 3234 3223 3214 3207 3202 3199 3198 3199 3202 3207 3214 3223 3234 3247 3262 3279 3298 3319 3342 3367 3394 3423 3454 3487 3522 3559 3598 3639 3682 3727 3774 3823 3874 3927 3982 4039 4098 4159 4222 4287 4354 4423 4494 4567 4642 4719 4798 4879 4962 5047 5134 5223 5314 5407 5502 5599 5698 5799 5902 6007 6114 6223
5265 5178 5093 5010 4929 4850 4773 4698 4625 4554 4485 4418 4353 4290 4229 4170 4113 4058 4005 3954 3905 3858 3813 3770 3729 3690 3653 3618 3585 3554 3525 3498 3473 3450 3429 3410 3393 3378 3365 3354 3345 3338 3333 3330 3329 3330 3333 3338 3345 3354 3365 3378 3393 3410 3429 3450 3473 3498 3525 3554 3585 3618 3653 3690 3729 3770 3813 3858 3905 3954 4005 4058 4113 4170 4229 4290 4353 4418 4485 4554 4625 4698 4773 4850 4929 5010 5093 5178 5265 5354 5445 5538 5633 5730 5829 5930 6033 6138 6245 6354
5398 5311 5226 5143 5062 4983 4906 4831 4758 4687 4618 4551 4486 4423 4362 4303 4246 4191 4138 4087 4038 3991 3946 3903 3862 3823 3786 3751 3718 3687 3658 3631 3606 3583 3562 3543 3526 3511 3498 3487 3478 3471 3466 3463 3462 3463 3466 3471 3478 3487 3498 3511 3526 3543 3562 3583 3606 3631 3658 3687 3718 3751 3786 3823 3862 3903 3946 3991 4038 4087 4138 4191 4246 4303 4362 4423 4486 4551 4618 4687 4758 4831 4906 4983 5062 5143 5226 5311 5398 5487 5578 5671 5766 5863 5962 6063 6166 6271 6378 6487
5533 5446 5361 5278 5197 5118 5041 4966 4893 4822 4753 4686 4621 4558 4497 4438 4381 4326 4273 4222 4173 4126 4081 4038 3997 3958 3921 3886 3853 3822 3793 3766 3741 3718 3697 3678 3661 3646 3633 3622 3613 3606 3601 3598 3597 3598 3601 3606 3613 3622 3633 3646 3661 3678 3697 3718 3741 3766 3793 3822 3853 3886 3921 3958 3997 4038 4081 4126 4173 4222 4273 4326 4381 4438 4497 4558 4621 4686 4753 4822 4893 4966 5041 5118 5197 5278 5361 5446 5533 5622 5713 5806 5901 5998 6097 6198 6301 6406 6513 6622
5670 5583 5498 5415 5334 5255 5178 5103 5030 4959 4890 4823 4758 4695 4634 4575 4518 4463 4410 4359 4310 4263 4218 4175 4134 4095 4058 4023 3990 3959 3930 3903 3878 3855 3834 3815 3798 3783 3770 3759 3750 3743 3738 3735 3734 3735 3738 3743 3750 3759 3770 3783 3798 3815 3834 3855 3878 3903 3930 3959 3990 4023 4058 4095 4134 4175 4218 4263 4310 4359 4410 4463 4518 4575 4634 4695 4758 4823 4890 4959 5030 5103 5178 5255 5334 5415 5498 5583 5670 5759 5850 5943 6038 6135 6234 6335 6438 6543 6650 6759
5809 5722 5637 5554 5473 5394 5317 5242 5169 5098 5029 4962 4897 4834 4773 4714 4657 4602 4549 4498 4449 4402 4357 4314 4273 4234 4197 4162 4129 4098 4069 4042 4017 3994 3973 3954 3937 3922 3909 3898 3889 3882 3877 3874 3873 3874 3877 3882 3889 3898 3909 3922 3937 3954 3973 3994 4017 4042 4069 4098 4129 4162 4197 4234 4273 4314 4357 4402 4449 4498 4549 4602 4657 4714 4773 4834 4897 4962 5029 5098 5169 5242 5317 5394 5473 5554 5637 5722 5809 5898 5989 6082 6177 6274 6373 6474 6577 6682 6789 6898
5950 5863 5778 5695 5614 5535 5458 5383 5310 5239 5170 5103 5038 4975 4914 4855 4798 4743 4690 4639 4590 4543 4498 4455 4414 4375 4338 4303 4270 4239 4210 4183 4158 4135 4114 4095 4078 4063 4050 4039 4030 4023 4018 4015 4014 4015 4018 4023 4030 4039 4050 4063 4078 4095 4114 4135 4158 4183 4210 4239 4270 4303 4338 4375 4414 4455 4498 4543 4590 4639 4690 4743 4798 4855 4914 4975 5038 5103 5170 5239 5310 5383 5458 5535 5614 5695 5778 5863 5950 6039 6130 6223 6318 6415 6514 6615 6718 6823 6930 7039
6093 6006 5921 5838 5757 5678 5601 5526 5453 5382 5313 5246 5181 5118 5057 4998 4941 4886 4833 4782 4733 4686 4641 4598 4557 4518 4481 4446 4413 4382 4353 4326 4301 4278 4257 4238 4221 4206 4193 4182 4173 4166 4161 4158 4157 4158 4161 4166 4173 4182 4193 4206 4221 4238 4257 4278 4301 4326 4353 4382 4413 4446 4481 4518 4557 4598 4641 4686 4733 4782 4833 4886 4941 4998 5057 5118 5181 5246 5313 5382 5453 5526 5601 5678 5757 5838 5921 6006 6093 6182 6273 6366 6461 6558 6657 6758 6861 6966 7073 7182
6238 6151 6066 5983 5902 5823 5746 5671 5598 5527 5458 5391 5326 5263 5202 5143 5086 5031 4978 4927 4878 4831 4786 4743 4702 4663 4626 4591 4558 4527 4498 4471 4446 4423 4402 4383 4366 4351 4338 4327 4318 4311 4306 4303 4302 4303 4306 4311 4318 4327 4338 4351 4366 4383 4402 4423 4446 4471 4498 4527 4558 4591 4626 4663 4702 4743 4786 4831 4878 4927 4978 5031 5086 5143 5202 5263 5326 5391 5458 5527 5598 5671 5746 5823 5902 5983 6066 6151 6238 6327 6418 6511 6606 6703 6802 6903 7006 7111 7218 7327
6385 6298 6213 6130 6049 5970 5893 5818 5745 5674 5605 5538 5473 5410 5349 5290 5233 5178 5125 5074 5025 4978 4933 4890 4849 4810 4773 4738 4705 4674 4645 4618 4593 4570 4549 4530 4513 4498 4485 4474 4465 4458 4453 4450 4449 4450 4453 4458 4465 4474 4485 4498 4513 4530 4549 4570 4593 4618 4645 4674 4705 4738 4773 4810 4849 4890 4933 4978 5025 5074 5125 5178 5233 5290 5349 5410 5473 5538 5605 5674 5745 5818 5893 5970 6049 6130 6213 6298 6385 6474 6565 6658 6753 6850 6949 7050 7153 7258 7365 7474
6534 6447 6362 6279 6198 6119 6042 5967 5894 5823 5754 5687 5622 5559 5498 5439 5382 5327 5274 5223 5174 5127 5082 5039 4998 4959 4922 4887 4854 4823 4794 4767 4742 4719 4698 4679 4662 4647 4634 4623 4614 4607 4602 4599 4598 4599 4602 4607 4614 4623 4634 4647 4662 4679 4698 4719 4742 4767 4794 4823 4854 4887 4922 4959 4998 5039 5082 5127 5174 5223 5274 5327 5382 5439 5498 5559 5622 5687 5754 5823 5894 5967 6042 6119 6198 6279 6362 6447 6534 6623 6714 6807 6902 6999 7098 7199 7302 7407 7514 7623
6685 6598 6513 6430 6349 6270 6193 6118 6045 5974 5905 5838 5773 5710 5649 5590 5533 5478 5425 5374 5325 5278 5233 5190 5149 5110 5073 5038 5005 4974 4945 4918 4893 4870 4849 4830 4813 4798 4785 4774 4765 4758 4753 4750 4749 4750 4753 4758 4765 4774 4785 4798 4813 4830 4849 4870 4893 4918 4945 4974 5005 5038 5073 5110 5149 5190 5233 5278 5325 5374 5425 5478 5533 5590 5649 5710 5773 5838 5905 5974 6045 6118 6193 6270 6349 6430 6513 6598 6685 6774 6865 6958 7053 7150 7249 7350 7453 7558 7665 7774
6838 6751 6666 6583 6502 6423 6346 6271 6198 6127 6058 5991 5926 5863 5802 5743 5686 5631 5578 5527 5478 5431 5386 5343 5302 5263 5226 5191 5158 5127 5098 5071 5046 5023 5002 4983 4966 4951 4938 4927 4918 4911 4906 4903 4902 4903 4906 4911 4918 4927 4938 4951 4966 4983 5002 5023 5046 5071 5098 5127 5158 5191 5226 5263 5302 5343 5386 5431 5478 5527 5578 5631 5686 5743 5802 5863 5926 5991 6058 6127 6198 6271 6346 6423 6502 6583 6666 6751 6838 6927 7018 7111 7206 7303 7402 7503 7606 7711 7818 7927
6993 6906 6821 6738 6657 6578 6501 6426 6353 6282 6213 6146 6081 6018 5957 5898 5841 5786 5733 5682 5633 5586 5541 5498 5457 5418 5381 5346 5313 5282 5253 5226 5201 5178 5157 5138 5121 5106 5093 5082 5073 5066 5061 5058 5057 5058 5061 5066 5073 5082 5093 5106 5121 5138 5157 5178 5201 5226 5253 5282 5313 5346 5381 5418 5457 5498 5541 5586 5633 5682 5733 5786 5841 5898 5957 6018 6081 6146 6213 6282 6353 6426 6501 6578 6657 6738 6821 6906 6993 7082 7173 7266 7361 7458 7557 7658 7761 7866 7973 8082
7150 7063 6978 6895 6814 6735 6658 6583 6510 6439 6370 6303 6238 6175 6114 6055 5998 5943 5890 5839 5790 5743 5698 5655 5614 5575 5538 5503 5470 5439 5410 5383 5358 5335 5314 5295 5278 5263 5250 5239 5230 5223 5218 5215 5214 5215 5218 5223 5230 5239 5250 5263 5278 5295 5314 5335 5358 5383 5410 5439 5470 5503 5538 5575 5614 5655 5698 5743 5790 5839 5890 5943 5998 6055 6114 6175 6238 6303 6370 6439 6510 6583 6658 6735 6814 6895 6978 7063 7150 7239 7330 7423 7518 7615 7714 7815 7918 8023 8130 8239
7309 7222 7137 7054 6973 6894 6817 6742 6669 6598 6529 6462 6397 6334 6273 6214 6157 6102 6049 5998 5949 5902 5857 5814 5773 5734 5697 5662 5629 5598 5569 5542 5517 5494 5473 5454 5437 5422 5409 5398 5389 5382 5377 5374 5373 5374 5377 5382 5389 5398 5409 5422 5437 5454 5473 5494 5517 5542 5569 5598 5629 5662 5697 5734 5773 5814 5857 5902 5949 5998 6049 6102 6157 6214 6273 6334 6397 6462 6529 6598 6669 6742 6817 6894 6973 7054 7137 7222 7309 7398 7489 7582 7677 7774 7873 7974 8077 8182 8289 8398
7470 7383 7298 7215 7134 7055 6978 6903 6830 6759 6690 6623 6558 6495 6434 6375 6318 6263 6210 6159 6110 6063 6018 5975 5934 5895 5858 5823 5790 5759 5730 5703 5678 5655 5634 5615 5598 5583 5570 5559 5550 5543 5538 5535 5534 5535 5538 5543 5550 5559 5570 5583 5598 5615 5634 5655 5678 5703 5730 5759 5790 5823 5858 5895 5934 5975 6018 6063 6110 6159 6210 6263 6318 6375 6434 6495 6558 6623 6690 6759 6830 6903 6978 7055 7134 7215 7298 7383 7470 7559 7650 7743 7838 7935 8034 8135 8238 8343 8450 8559
7633 7546 7461 7378 7297 7218 7141 7066 6993 6922 6853 6786 6721 6658 6597 6538 6481 6426 6373 6322 6273 6226 6181 6138 6097 6058 6021 5986 5953 5922 5893 5866 5841 5818 5797 5778 5761 5746 5733 5722 5713 5706 5701 5698 5697 5698 5701 5706 5713 5722 5733 5746 5761 5778 5797 5818 5841 5866 5893 5922 5953 5986 6021 6058 6097 6138 6181 6226 6273 6322 6373 6426 6481 6538 6597 6658 6721 6786 6853 6922 6993 7066 7141 7218 7297 7378 7461 7546 7633 7722 7813 7906 8001 8098 8197 8298 8401 8506 8613 8722
7798 7711 7626 7543 7462 7383 7306 7231 7158 7087 7018 6951 6886 6823 6762 6703 6646 6591 6538 6487 6438 6391 6346 6303 6262 6223 6186 6151 6118 6087 6058 6031 6006 5983 5962 5943 5926 5911 5898 5887 5878 5871 5866 5863 5862 5863 5866 5871 5878 5887 5898 5911 5926 5943 5962 5983 6006 6031 6058 6087 6118 6151 6186 6223 6262 6303 6346 6391 6438 6487 6538 6591 6646 6703 6762 6823 6886 6951 7018 7087 7158 7231 7306 7383 7462 7543 7626 7711 7798 7887 7978 8071 8166 8263 8362 8463 8566 8671 8778 8887
7965 7878 7793 7710 7629 7550 7473 7398 7325 7254 7185 7118 7053 6990 6929 6870 6813 6758 6705 6654 6605 6558 6513 6470 6429 6390 6353 6318 6285 6254 6225 6198 6173 6150 6129 6110 6093 6078 6065 6054 6045 6038 6033 6030 6029 6030 6033 6038 6045 6054 6065 6078 6093 6110 6129 6150 6173 6198 6225 6254 6285 6318 6353 6390 6429 6470 6513 6558 6605 6654 6705 6758 6813 6870 6929 6990 7053 7118 7185 7254 7325 7398 7473 7550 7629 7710 7793 7878 7965 8054 8145 8238 8333 8430 8529 8630 8733 8838 8945 9054
8134 8047 7962 7879 7798 7719 7642 7567 7494 7423 7354 7287 7222 7159 7098 7039 6982 6927 6874 6823 6774 6727 6682 6639 6598 6559 6522 6487 6454 6423 6394 6367 6342 6319 6298 6279 6262 6247 6234 6223 6214 6207 6202 6199 6198 6199 6202 6207 6214 6223 6234 6247 6262 6279 6298 6319 6342 6367 6394 6423 6454 6487 6522 6559 6598 6639 6682 6727 6774 6823 6874 6927 6982 7039 7098 7159 7222 7287 7354 7423 7494 7567 7642 7719 7798 7879 7962 8047 8134 8223 8314 8407 8502 8599 8698 8799 8902 9007 9114 9223
8305 8218 8133 8050 7969 7890 7813 7738 7665 7594 7525 7458 7393 7330 7269 7210 7153 7098 7045 6994 6945 6898 6853 6810 6769 6730 6693 6658 6625 6594 6565 6538 6513 6490 6469 6450 6433 6418 6405 6394 6385 6378 6373 6370 6369 6370 6373 6378 6385 6394 6405 6418 6433 6450 6469 6490 6513 6538 6565 6594 6625 6658 6693 6730 6769 6810 6853 6898 6945 6994 7045 7098 7153 7210 7269 7330 7393 7458 7525 7594 7665 7738 7813 7890 7969 8050 8133 8218 8305 8394 8485 8578 8673 8770 8869 8970 9073 9178 9285 9394
8478 8391 8306 8223 8142 8063 7986 7911 7838 7767 7698 7631 7566 7503 7442 7383 7326 7271 7218 7167 7118 7071 7026 6983 6942 6903 6866 6831 6798 6767 6738 6711 6686 6663 6642 6623 6606 6591 6578 6567 6558 6551 6546 6543 6542 6543 6546 6551 6558 6567 6578 6591 6606 6623 6642 6663 6686 6711 6738 6767 6798 6831 6866 6903 6942 6983 7026 7071 7118 7167 7218 7271 7326 7383 7442 7503 7566 7631 7698 7767 7838 7911 7986 8063 8142 8223 8306 8391 8478 8567 8658 8751 8846 8943 9042 9143 9246 9351 9458 9567
8653 8566 8481 8398 8317 8238 8161 8086 8013 7942 7873 7806 7741 7678 7617 7558 7501 7446 7393 7342 7293 7246 7201 7158 7117 7078 7041 7006 6973 6942 6913 6886 6861 6838 6817 6798 6781 6766 6753 6742 6733 6726 6721 6718 6717 6718 6721 6726 6733 6742 6753 6766 6781 6798 6817 6838 6861 6886 6913 6942 6973 7006 7041 7078 7117 7158 7201 7246 7293 7342 7393 7446 7501 7558 7617 7678 7741 7806 7873 7942 8013 8086 8161 8238 8317 8398 8481 8566 8653 8742 8833 8926 9021 9118 9217 9318 9421 9526 9633 9742
8830 8743 8658 8575 8494 8415 8338 8263 8190 8119 8050 7983 7918 7855 7794 7735 7678 7623 7570 7519 7470 7423 7378 7335 7294 7255 7218 7183 7150 7119 7090 7063 7038 7015 6994 6975 6958 6943 6930 6919 6910 6903 6898 6895 6894 6895 6898 6903 6910 6919 6930 6943 6958 6975 6994 7015 7038 7063 7090 7119 7150 7183 7218 7255 7294 7335 7378 7423 7470 7519 7570 7623 7678 7735 7794 7855 7918 7983 8050 8119 8190 8263 8338 8415 8494 8575 8658 8743 8830 8919 9010 9103 9198 9295 9394 9495 9598 9703 9810 9919
9009 8922 8837 8754 8673 8594 8517 8442 8369 8298 8229 8162 8097 8034 7973 7914 7857 7802 7749 7698 7649 7602 7557 7514 7473 7434 7397 7362 7329 7298 7269 7242 7217 7194 7173 7154 7137 7122 7109 7098 7089 7082 7077 7074 7073 7074 7077 7082 7089 7098 7109 7122 7137 7154 7173 7194 7217 7242 7269 7298 7329 7362 7397 7434 7473 7514 7557 7602 7649 7698 7749 7802 7857 7914 7973 8034 8097 8162 8229 8298 8369 8442 8517 8594 8673 8754 8837 8922 9009 9098 9189 9282 9377 9474 9573 9674 9777 9882 9989 10098
9190 9103 9018 8935 8854 8775 8698 8623 8550 8479 8410 8343 8278 8215 8154 8095 8038 7983 7930 7879 7830 7783 7738 7695 7654 7615 7578 7543 7510 7479 7450 7423 7398 7375 7354 7335 7318 7303 7290 7279 7270 7263 7258 7255 7254 7255 7258 7263 7270 7279 7290 7303 7318 7335 7354 7375 7398 7423 7450 7479 7510 7543 7578 7615 7654 7695 7738 7783 7830 7879 7930 7983 8038 8095 8154 8215 8278 8343 8410 8479 8550 8623 8698 8775 8854 8935 9018 9103 9190 9279 9370 9463 9558 9655 9754 9855 9958 10063 10170 10279
9373 9286 9201 9118 9037 8958 8881 8806 8733 8662 8593 8526 8461 8398 8337 8278 8221 8166 8113 8062 8013 7966 7921 7878 7837 7798 7761 7726 7693 7662 7633 7606 7581 7558 7537 7518 7501 7486 7473 7462 7453 7446 7441 7438 7437 7438 7441 7446 7453 7462 7473 7486 7501 7518 7537 7558 7581 7606 7633 7662 7693 7726 7761 7798 7837 7878 7921 7966 8013 8062 8113 8166 8221 8278 8337 8398 8461 8526 8593 8662 8733 8806 8881 8958 9037 9118 9201 9286 9373 9462 9553 9646 9741 9838 9937 10038 10141 10246 10353 10462
9558 9471 9386 9303 9222 9143 9066 8991 8918 8847 8778 8711 8646 8583 8522 8463 8406 8351 8298 8247 8198 8151 8106 8063 8022 7983 7946 7911 7878 7847 7818 7791 7766 7743 7722 7703 7686 7671 7658 7647 7638 7631 7626 7623 7622 7623 7626 7631 7638 7647 7658 7671 7686 7703 7722 7743 7766 7791 7818 7847 7878 7911 7946 7983 8022 8063 8106 8151 8198 8247 8298 8351 8406 8463 8522 8583 8646 8711 8778 8847 8918 8991 9066 9143 9222 9303 9386 9471 9558 9647 9738 9831 9926 10023 10122 10223 10326 10431 10538 10647
9745 9658 9573 9490 9409 9330 9253 9178 9105 9034 8965 8898 8833 8770 8709 8650 8593 8538 8485 8434 8385 8338 8293 8250 8209 8170 8133 8098 8065 8034 8005 7978 7953 7930 7909 7890 7873 7858 7845 7834 7825 7818 7813 7810 7809 7810 7813 7818 7825 7834 7845 7858 7873 7890 7909 7930 7953 7978 8005 8034 8065 8098 8133 8170 8209 8250 8293 8338 8385 8434 8485 8538 8593 8650 8709 8770 8833 8898 8965 9034 9105 9178 9253 9330 9409 9490 9573 9658 9745 9834 9925 10018 10113 10210 10309 10410 10513 10618 10725 10834
9934 9847 9762 9679 9598 9519 9442 9367 9294 9223 9154 9087 9022 8959 8898 8839 8782 8727 8674 8623 8574 8527 8482 8439 8398 8359 8322 8287 8254 8223 8194 8167 8142 8119 8098 8079 8062 8047 8034 8023 8014 8007 8002 7999 7998 7999 8002 8007 8014 8023 8034 8047 8062 8079 8098 8119 8142 8167 8194 8223 8254 8287 8322 8359 8398 8439 8482 8527 8574 8623 8674 8727 8782 8839 8898 8959 9022 9087 9154 9223 9294 9367 9442 9519 9598 9679 9762 9847 9934 10023 10114 10207 10302 10399 10498 10599 10702 10807 10914 11023
10125 10038 9953 9870 9789 9710 9633 9558 9485 9414 9345 9278 9213 9150 9089 9030 8973 8918 8865 8814 8765 8718 8673 8630 8589 8550 8513 8478 8445 8414 8385 8358 8333 8310 8289 8270 8253 8238 8225 8214 8205 8198 8193 8190 8189 8190 8193 8198 8205 8214 8225 8238 8253 8270 8289 8310 8333 8358 8385 8414 8445 8478 8513 8550 8589 8630 8673 8718 8765 8814 8865 8918 8973 9030 9089 9150 9213 9278 9345 9414 9485 9558 9633 9710 9789 9870 9953 10038 10125 10214 10305 10398 10493 10590 10689 10790 10893 10998 11105 11214
